 ========================================================================
 Mesh information:
 Nx = 101
 Ny =  21
  
 Slab / Billet dimensions:
 X(m) =       1.0000
 Y(m) =       0.2000
                                                                         
                                                                         
 ========================================================================
              Time(s)   Thickness in X(m)   Thickness in Y(m)
               0.0000              0.0000              0.0000
               2.0000              0.0000              0.0000
               4.0000              0.0003              0.0003
               6.0000              0.0005              0.0005
               8.0000              0.0012              0.0012
              10.0000              0.0053              0.0053
              12.0000              0.0053              0.0053
              14.0000              0.0055              0.0055
              16.0000              0.0057              0.0057
              18.0000              0.0068              0.0068
              20.0000              0.0103              0.0103
              22.0000              0.0103              0.0103
              24.0000              0.0104              0.0104
              26.0000              0.0106              0.0106
              28.0000              0.0108              0.0108
              30.0000              0.0116              0.0116
              32.0000              0.0153              0.0153
              34.0000              0.0153              0.0153
              36.0000              0.0154              0.0154
              38.0000              0.0155              0.0155
              40.0000              0.0156              0.0156
              42.0000              0.0158              0.0158
              44.0000              0.0162              0.0162
              46.0000              0.0177              0.0177
              48.0000              0.0203              0.0203
              50.0000              0.0204              0.0204
              52.0000              0.0204              0.0204
              54.0000              0.0205              0.0205
              56.0000              0.0206              0.0206
              58.0000              0.0207              0.0207
              60.0000              0.0209              0.0209
              60.6000              0.0209              0.0209
              62.0000              0.0212              0.0212
              64.0000              0.0218              0.0218
              66.0000              0.0238              0.0236
              68.0000              0.0254              0.0253
              70.0000              0.0254              0.0254
              72.0000              0.0254              0.0254
              74.0000              0.0254              0.0254
              76.0000              0.0255              0.0255
              78.0000              0.0255              0.0255
              80.0000              0.0256              0.0256
              82.0000              0.0257              0.0257
              84.0000              0.0258              0.0258
              86.0000              0.0259              0.0259
              88.0000              0.0261              0.0261
              90.0000              0.0264              0.0263
              92.0000              0.0267              0.0266
              94.0000              0.0274              0.0272
              96.0000              0.0290              0.0284
              98.0000              0.0302              0.0301
             100.0000              0.0304              0.0304
             102.0000              0.0304              0.0304
             104.0000              0.0304              0.0304
             106.0000              0.0305              0.0305
             108.0000              0.0305              0.0305
             110.0000              0.0305              0.0305
             112.0000              0.0306              0.0306
             114.0000              0.0306              0.0306
             116.0000              0.0307              0.0307
             118.0000              0.0308              0.0307
             120.0000              0.0308              0.0308
             122.0000              0.0309              0.0309
             124.0000              0.0311              0.0310
             126.0000              0.0313              0.0311
             128.0000              0.0315              0.0313
             130.0000              0.0318              0.0315
             132.0000              0.0324              0.0318
             134.0000              0.0334              0.0323
             136.0000              0.0351              0.0331
             138.0000              0.0353              0.0347
             140.0000              0.0354              0.0352
             142.0000              0.0355              0.0354
             144.0000              0.0355              0.0354
             146.0000              0.0355              0.0355
             148.0000              0.0355              0.0355
             150.0000              0.0356              0.0355
             152.0000              0.0356              0.0356
             154.0000              0.0357              0.0356
             156.0000              0.0357              0.0356
             158.0000              0.0358              0.0357
             160.0000              0.0359              0.0357
             162.0000              0.0360              0.0358
             164.0000              0.0361              0.0359
             166.0000              0.0363              0.0359
             168.0000              0.0365              0.0360
             170.0000              0.0369              0.0362
             171.6000              0.0373              0.0363
             172.0000              0.0374              0.0363
             174.0000              0.0383              0.0365
             176.0000              0.0400              0.0368
             178.0000              0.0403              0.0371
             180.0000              0.0405              0.0377
             182.0000              0.0405              0.0387
             184.0000              0.0405              0.0401
             186.0000              0.0405              0.0403
             188.0000              0.0406              0.0405
             190.0000              0.0406              0.0405
             192.0000              0.0407              0.0405
             194.0000              0.0407              0.0405
             196.0000              0.0408              0.0405
             198.0000              0.0408              0.0406
             200.0000              0.0409              0.0406
             202.0000              0.0410              0.0406
             204.0000              0.0412              0.0407
             206.0000              0.0413              0.0407
             208.0000              0.0415              0.0408
             210.0000              0.0418              0.0408
             212.0000              0.0422              0.0409
             214.0000              0.0429              0.0409
             216.0000              0.0440              0.0410
             218.0000              0.0451              0.0411
             220.0000              0.0454              0.0412
             222.0000              0.0455              0.0413
             224.0000              0.0455              0.0414
             226.0000              0.0455              0.0416
             228.0000              0.0456              0.0418
             230.0000              0.0456              0.0420
             232.0000              0.0456              0.0423
             234.0000              0.0457              0.0428
             236.0000              0.0457              0.0434
             238.0000              0.0458              0.0443
             240.0000              0.0459              0.0451
             242.0000              0.0459              0.0452
             244.0000              0.0460              0.0454
             246.0000              0.0461              0.0455
             248.0000              0.0463              0.0455
             250.0000              0.0465              0.0455
             252.0000              0.0467              0.0456
             254.0000              0.0470              0.0456
             256.0000              0.0474              0.0456
             258.0000              0.0481              0.0456
             260.0000              0.0495              0.0456
             262.0000              0.0502              0.0457
             264.0000              0.0505              0.0457
             266.0000              0.0505              0.0457
             268.0000              0.0505              0.0458
             270.0000              0.0506              0.0458
             272.0000              0.0506              0.0458
             274.0000              0.0507              0.0459
             276.0000              0.0507              0.0459
             278.0000              0.0507              0.0460
             280.0000              0.0508              0.0460
             282.0000              0.0509              0.0461
             284.0000              0.0509              0.0462
             286.0000              0.0510              0.0462
             288.0000              0.0511              0.0463
             290.0000              0.0513              0.0464
             292.0000              0.0515              0.0465
             294.0000              0.0517              0.0467
             296.0000              0.0520              0.0468
             298.0000              0.0524              0.0470
             300.0000              0.0531              0.0473
             302.0000              0.0544              0.0476
             304.0000              0.0552              0.0480
             306.0000              0.0555              0.0485
             308.0000              0.0555              0.0492
             310.0000              0.0556              0.0500
             312.0000              0.0556              0.0502
             314.0000              0.0557              0.0503
             316.0000              0.0557              0.0504
             318.0000              0.0557              0.0506
             320.0000              0.0558              0.0506
             322.0000              0.0559              0.0506
             324.0000              0.0559              0.0506
             326.0000              0.0560              0.0506
             328.0000              0.0561              0.0506
             330.0000              0.0563              0.0507
             332.0000              0.0565              0.0507
             334.0000              0.0567              0.0507
             336.0000              0.0570              0.0507
             338.0000              0.0574              0.0508
             340.0000              0.0582              0.0508
             342.0000              0.0597              0.0508
             344.0000              0.0603              0.0509
             346.0000              0.0605              0.0509
             348.0000              0.0606              0.0509
             350.0000              0.0606              0.0510
             352.0000              0.0606              0.0510
             354.0000              0.0607              0.0511
             356.0000              0.0607              0.0511
             358.0000              0.0608              0.0512
             360.0000              0.0609              0.0513
             362.0000              0.0609              0.0514
             364.0000              0.0610              0.0515
             366.0000              0.0611              0.0516
             368.0000              0.0613              0.0517
             370.0000              0.0615              0.0518
             372.0000              0.0617              0.0520
             374.0000              0.0620              0.0522
             376.0000              0.0625              0.0524
             378.0000              0.0633              0.0527
             380.0000              0.0650              0.0531
             382.0000              0.0654              0.0536
             384.0000              0.0656              0.0543
             386.0000              0.0656              0.0550
             388.0000              0.0656              0.0552
             390.0000              0.0657              0.0553
             392.0000              0.0657              0.0554
             394.0000              0.0658              0.0555
             396.0000              0.0659              0.0556
             398.0000              0.0659              0.0556
             400.0000              0.0660              0.0556
             402.0000              0.0661              0.0556
             404.0000              0.0663              0.0557
             406.0000              0.0664              0.0557
             408.0000              0.0667              0.0557
             410.0000              0.0670              0.0557
             412.0000              0.0675              0.0558
             414.0000              0.0683              0.0558
             416.0000              0.0700              0.0558
             418.0000              0.0704              0.0559
             420.0000              0.0706              0.0559
             422.0000              0.0706              0.0559
             424.0000              0.0707              0.0560
             426.0000              0.0707              0.0560
             428.0000              0.0708              0.0561
             430.0000              0.0708              0.0561
             432.0000              0.0709              0.0562
             434.0000              0.0710              0.0562
             436.0000              0.0711              0.0563
             438.0000              0.0712              0.0564
             440.0000              0.0714              0.0564
             442.0000              0.0716              0.0565
             444.0000              0.0719              0.0567
             446.0000              0.0724              0.0568
             448.0000              0.0732              0.0569
             450.0000              0.0749              0.0571
             452.0000              0.0754              0.0573
             454.0000              0.0756              0.0575
             456.0000              0.0756              0.0578
             458.0000              0.0757              0.0582
             460.0000              0.0757              0.0587
             462.0000              0.0758              0.0593
             464.0000              0.0759              0.0600
             466.0000              0.0760              0.0602
             468.0000              0.0761              0.0603
             470.0000              0.0762              0.0604
             472.0000              0.0763              0.0605
             474.0000              0.0765              0.0606
             476.0000              0.0768              0.0606
             478.0000              0.0772              0.0607
             480.0000              0.0779              0.0607
             482.0000              0.0792              0.0607
             484.0000              0.0803              0.0607
             486.0000              0.0806              0.0607
             488.0000              0.0807              0.0608
             490.0000              0.0807              0.0608
             492.0000              0.0808              0.0608
             494.0000              0.0808              0.0609
             496.0000              0.0809              0.0609
             498.0000              0.0810              0.0609
             500.0000              0.0811              0.0610
             502.0000              0.0812              0.0610
             504.0000              0.0814              0.0611
             506.0000              0.0816              0.0611
             508.0000              0.0820              0.0612
             510.0000              0.0825              0.0612
             512.0000              0.0834              0.0613
             514.0000              0.0851              0.0613
             516.0000              0.0856              0.0614
             518.0000              0.0857              0.0615
             520.0000              0.0857              0.0616
             522.0000              0.0858              0.0617
             524.0000              0.0858              0.0618
             526.0000              0.0859              0.0620
             528.0000              0.0860              0.0622
             530.0000              0.0861              0.0624
             532.0000              0.0862              0.0626
             534.0000              0.0864              0.0629
             536.0000              0.0867              0.0633
             538.0000              0.0870              0.0638
             540.0000              0.0876              0.0645
             542.0000              0.0887              0.0651
             544.0000              0.0902              0.0652
             546.0000              0.0906              0.0653
             548.0000              0.0907              0.0654
             550.0000              0.0907              0.0656
             552.0000              0.0908              0.0657
             554.0000              0.0909              0.0657
             556.0000              0.0910              0.0657
             558.0000              0.0911              0.0657
             560.0000              0.0912              0.0657
             562.0000              0.0914              0.0658
             564.0000              0.0916              0.0658
             566.0000              0.0920              0.0658
             568.0000              0.0926              0.0658
             570.0000              0.0936              0.0659
             572.0000              0.0952              0.0659
             574.0000              0.0957              0.0660
             576.0000              0.0957              0.0660
             578.0000              0.0958              0.0660
             580.0000              0.0958              0.0661
             582.0000              0.0959              0.0661
             584.0000              0.0960              0.0662
             586.0000              0.0962              0.0662
             588.0000              0.0963              0.0663
             590.0000              0.0965              0.0664
             592.0000              0.0968              0.0665
             594.0000              0.0973              0.0665
             596.0000              0.0981              0.0667
             598.0000              0.0999              0.0668
             600.0000              0.1007              0.0669
             602.0000              0.1007              0.0671
             604.0000              0.1008              0.0672
             606.0000              0.1008              0.0674
             608.0000              0.1009              0.0677
             610.0000              0.1010              0.0680
             612.0000              0.1012              0.0684
             614.0000              0.1013              0.0689
             616.0000              0.1016              0.0696
             618.0000              0.1019              0.0701
             620.0000              0.1025              0.0702
             622.0000              0.1035              0.0703
             624.0000              0.1052              0.0705
             626.0000              0.1057              0.0706
             628.0000              0.1058              0.0707
             630.0000              0.1058              0.0707
             632.0000              0.1059              0.0707
             634.0000              0.1060              0.0708
             636.0000              0.1062              0.0708
             638.0000              0.1063              0.0708
             640.0000              0.1066              0.0709
             642.0000              0.1069              0.0709
             644.0000              0.1074              0.0709
             646.0000              0.1084              0.0710
             648.0000              0.1102              0.0710
             650.0000              0.1107              0.0710
             652.0000              0.1108              0.0711
             654.0000              0.1109              0.0711
             656.0000              0.1110              0.0712
             658.0000              0.1111              0.0712
             660.0000              0.1112              0.0713
             662.0000              0.1114              0.0714
             664.0000              0.1117              0.0715
             666.0000              0.1122              0.0715
             668.0000              0.1130              0.0716
             670.0000              0.1148              0.0718
             672.0000              0.1157              0.0719
             674.0000              0.1158              0.0720
             676.0000              0.1159              0.0722
             678.0000              0.1160              0.0724
             680.0000              0.1161              0.0727
             682.0000              0.1163              0.0730
             684.0000              0.1165              0.0734
             686.0000              0.1168              0.0739
             688.0000              0.1173              0.0745
             690.0000              0.1182              0.0751
             692.0000              0.1202              0.0752
             694.0000              0.1208              0.0754
             696.0000              0.1208              0.0755
             698.0000              0.1209              0.0756
             700.0000              0.1211              0.0758
             702.0000              0.1212              0.0758
             704.0000              0.1214              0.0758
             706.0000              0.1217              0.0758
             708.0000              0.1222              0.0759
             710.0000              0.1230              0.0759
             712.0000              0.1251              0.0759
             714.0000              0.1258              0.0760
             716.0000              0.1259              0.0760
             718.0000              0.1260              0.0760
             720.0000              0.1261              0.0761
             722.0000              0.1263              0.0761
             724.0000              0.1265              0.0762
             726.0000              0.1269              0.0763
             728.0000              0.1275              0.0763
             730.0000              0.1287              0.0764
             732.0000              0.1306              0.0765
             734.0000              0.1309              0.0766
             736.0000              0.1310              0.0767
             738.0000              0.1311              0.0768
             740.0000              0.1313              0.0770
             742.0000              0.1315              0.0771
             744.0000              0.1319              0.0773
             746.0000              0.1325              0.0775
             748.0000              0.1338              0.0778
             750.0000              0.1357              0.0781
             752.0000              0.1359              0.0786
             754.0000              0.1360              0.0791
             756.0000              0.1362              0.0799
             758.0000              0.1364              0.0801
             760.0000              0.1367              0.0803
             762.0000              0.1372              0.0805
             764.0000              0.1381              0.0806
             766.0000              0.1403              0.0808
             768.0000              0.1409              0.0808
             770.0000              0.1410              0.0809
             772.0000              0.1412              0.0809
             774.0000              0.1414              0.0809
             776.0000              0.1418              0.0810
             778.0000              0.1423              0.0810
             780.0000              0.1433              0.0811
             782.0000              0.1455              0.0811
             784.0000              0.1460              0.0812
             786.0000              0.1461              0.0812
             788.0000              0.1463              0.0813
             790.0000              0.1466              0.0814
             792.0000              0.1471              0.0815
             794.0000              0.1480              0.0816
             796.0000              0.1503              0.0817
             798.0000              0.1510              0.0818
             800.0000              0.1512              0.0819
             802.0000              0.1514              0.0821
             804.0000              0.1517              0.0823
             806.0000              0.1523              0.0825
             808.0000              0.1533              0.0828
             810.0000              0.1557              0.0831
             812.0000              0.1561              0.0836
             814.0000              0.1563              0.0842
             816.0000              0.1566              0.0850
             818.0000              0.1571              0.0852
             820.0000              0.1580              0.0854
             822.0000              0.1605              0.0856
             824.0000              0.1612              0.0857
             826.0000              0.1614              0.0859
             828.0000              0.1617              0.0860
             830.0000              0.1623              0.0860
             832.0000              0.1635              0.0861
             834.0000              0.1660              0.0861
             836.0000              0.1664              0.0862
             838.0000              0.1667              0.0862
             840.0000              0.1672              0.0863
             842.0000              0.1681              0.0864
             844.0000              0.1708              0.0865
             846.0000              0.1714              0.0866
             848.0000              0.1718              0.0867
             850.0000              0.1724              0.0869
             852.0000              0.1739              0.0870
             854.0000              0.1764              0.0872
             856.0000              0.1767              0.0875
             858.0000              0.1772              0.0878
             860.0000              0.1782              0.0881
             862.0000              0.1811              0.0886
             864.0000              0.1818              0.0893
             866.0000              0.1824              0.0901
             868.0000              0.1839              0.0903
             870.0000              0.1867              0.0906
             872.0000              0.1871              0.0908
             874.0000              0.1880              0.0911
             876.0000              0.1912              0.0912
             878.0000              0.1922              0.0913
             880.0000              0.1932              0.0914
             882.0000              0.1965              0.0915
             884.0000              0.1976              0.0916
             886.0000              0.1997              0.0918
             888.0000              0.2025              0.0920
             890.0000              0.2040              0.0922
             892.0000              0.2076              0.0925
             894.0000              0.2098              0.0929
             896.0000              0.2134              0.0935
             898.0000              0.2173              0.0943
             900.0000              0.2216              0.0954
             902.0000              0.2273              0.0963
             904.0000              0.2354              0.0972
             906.0000              0.2493              0.0981
             908.0000              0.2856              0.0992
             910.0000              0.5000              0.1000
             912.0000              0.5000              0.1000
             914.0000              0.5000              0.1000
             916.0000              0.5000              0.1000
             918.0000              0.5000              0.1000
             920.0000              0.5000              0.1000
             922.0000              0.5000              0.1000
             924.0000              0.5000              0.1000
             926.0000              0.5000              0.1000
             928.0000              0.5000              0.1000
             930.0000              0.5000              0.1000
             932.0000              0.5000              0.1000
             934.0000              0.5000              0.1000
             936.0000              0.5000              0.1000
             938.0000              0.5000              0.1000
             940.0000              0.5000              0.1000
             942.0000              0.5000              0.1000
             944.0000              0.5000              0.1000
             946.0000              0.5000              0.1000
             948.0000              0.5000              0.1000
             950.0000              0.5000              0.1000
             952.0000              0.5000              0.1000
             954.0000              0.5000              0.1000
             956.0000              0.5000              0.1000
             958.0000              0.5000              0.1000
             960.0000              0.5000              0.1000
             962.0000              0.5000              0.1000
             964.0000              0.5000              0.1000
             966.0000              0.5000              0.1000
             967.2000              0.5000              0.1000
               0.0000              0.0000              0.0000
