 ========================================================================
 Mesh information:
 Nx = 101
 Ny =  21
  
 Slab / Billet dimensions:
 X(m) =       1.0000
 Y(m) =       0.2000
                                                                         
                                                                         
 ========================================================================
              Time(s)   Thickness in X(m)   Thickness in Y(m)
               0.0000              0.0000              0.0000
               2.0000              0.0000              0.0000
               4.0000              0.0003              0.0003
               6.0000              0.0006              0.0006
               8.0000              0.0019              0.0019
              10.0000              0.0053              0.0053
              12.0000              0.0054              0.0054
              14.0000              0.0055              0.0055
              16.0000              0.0061              0.0061
              18.0000              0.0100              0.0100
              20.0000              0.0103              0.0103
              22.0000              0.0104              0.0104
              24.0000              0.0105              0.0105
              26.0000              0.0108              0.0108
              28.0000              0.0114              0.0114
              30.0000              0.0150              0.0150
              32.0000              0.0153              0.0153
              34.0000              0.0154              0.0154
              36.0000              0.0155              0.0155
              38.0000              0.0156              0.0156
              40.0000              0.0159              0.0159
              42.0000              0.0164              0.0164
              44.0000              0.0184              0.0184
              46.0000              0.0203              0.0203
              48.0000              0.0203              0.0203
              50.0000              0.0204              0.0204
              52.0000              0.0205              0.0205
              54.0000              0.0206              0.0206
              56.0000              0.0208              0.0208
              58.0000              0.0212              0.0211
              60.0000              0.0218              0.0218
              62.0000              0.0236              0.0235
              64.0000              0.0252              0.0252
              66.0000              0.0254              0.0253
              68.0000              0.0254              0.0254
              70.0000              0.0254              0.0254
              72.0000              0.0255              0.0255
              74.0000              0.0256              0.0256
              76.0000              0.0257              0.0257
              78.0000              0.0259              0.0258
              80.0000              0.0261              0.0260
              82.0000              0.0264              0.0263
              84.0000              0.0268              0.0267
              86.0000              0.0275              0.0273
              88.0000              0.0288              0.0284
              90.0000              0.0301              0.0300
              92.0000              0.0303              0.0302
              94.0000              0.0304              0.0304
              96.0000              0.0304              0.0304
              98.0000              0.0305              0.0305
             100.0000              0.0305              0.0305
             102.0000              0.0306              0.0306
             104.0000              0.0307              0.0306
             106.0000              0.0308              0.0307
             108.0000              0.0309              0.0308
             110.0000              0.0310              0.0309
             112.0000              0.0311              0.0311
             114.0000              0.0314              0.0312
             116.0000              0.0316              0.0314
             118.0000              0.0320              0.0317
             120.0000              0.0325              0.0321
             122.0000              0.0332              0.0326
             124.0000              0.0343              0.0333
             126.0000              0.0351              0.0344
             128.0000              0.0353              0.0351
             130.0000              0.0354              0.0352
             132.0000              0.0355              0.0354
             134.0000              0.0355              0.0355
             136.0000              0.0356              0.0355
             138.0000              0.0356              0.0356
             140.0000              0.0357              0.0356
             142.0000              0.0358              0.0357
             144.0000              0.0359              0.0358
             146.0000              0.0360              0.0358
             148.0000              0.0361              0.0359
             150.0000              0.0363              0.0360
             152.0000              0.0365              0.0362
             154.0000              0.0367              0.0363
             156.0000              0.0371              0.0365
             158.0000              0.0375              0.0367
             160.0000              0.0381              0.0370
             162.0000              0.0391              0.0374
             164.0000              0.0401              0.0378
             166.0000              0.0402              0.0385
             168.0000              0.0404              0.0394
             170.0000              0.0405              0.0401
             171.6000              0.0406              0.0402
             172.0000              0.0406              0.0402
             174.0000              0.0406              0.0403
             176.0000              0.0407              0.0405
             178.0000              0.0407              0.0406
             180.0000              0.0408              0.0406
             182.0000              0.0409              0.0407
             184.0000              0.0410              0.0407
             186.0000              0.0411              0.0408
             188.0000              0.0413              0.0408
             190.0000              0.0414              0.0409
             192.0000              0.0417              0.0410
             194.0000              0.0420              0.0411
             196.0000              0.0423              0.0412
             198.0000              0.0428              0.0414
             200.0000              0.0435              0.0415
             202.0000              0.0445              0.0417
             204.0000              0.0451              0.0419
             206.0000              0.0452              0.0421
             208.0000              0.0454              0.0424
             210.0000              0.0455              0.0428
             212.0000              0.0456              0.0432
             214.0000              0.0456              0.0437
             216.0000              0.0457              0.0443
             218.0000              0.0458              0.0450
             220.0000              0.0458              0.0451
             222.0000              0.0459              0.0452
             224.0000              0.0460              0.0453
             226.0000              0.0461              0.0454
             228.0000              0.0462              0.0456
             230.0000              0.0464              0.0457
             232.0000              0.0465              0.0457
             234.0000              0.0468              0.0458
             236.0000              0.0470              0.0458
             238.0000              0.0473              0.0459
             240.0000              0.0477              0.0459
             242.0000              0.0483              0.0460
             244.0000              0.0490              0.0460
             246.0000              0.0500              0.0461
             248.0000              0.0501              0.0462
             250.0000              0.0503              0.0463
             252.0000              0.0504              0.0464
             254.0000              0.0506              0.0465
             256.0000              0.0507              0.0466
             258.0000              0.0507              0.0467
             260.0000              0.0508              0.0468
             262.0000              0.0508              0.0470
             264.0000              0.0509              0.0471
             266.0000              0.0510              0.0473
             268.0000              0.0511              0.0475
             270.0000              0.0512              0.0478
             272.0000              0.0513              0.0480
             274.0000              0.0515              0.0484
             276.0000              0.0517              0.0487
             278.0000              0.0519              0.0492
             280.0000              0.0522              0.0497
             282.0000              0.0525              0.0500
             284.0000              0.0529              0.0501
             286.0000              0.0535              0.0502
             288.0000              0.0543              0.0503
             290.0000              0.0551              0.0504
             292.0000              0.0552              0.0505
             294.0000              0.0554              0.0506
             296.0000              0.0555              0.0507
             298.0000              0.0557              0.0508
             300.0000              0.0557              0.0509
             302.0000              0.0558              0.0509
             304.0000              0.0558              0.0510
             306.0000              0.0559              0.0510
             308.0000              0.0560              0.0511
             310.0000              0.0561              0.0511
             312.0000              0.0562              0.0512
             314.0000              0.0563              0.0513
             316.0000              0.0565              0.0513
             318.0000              0.0567              0.0514
             320.0000              0.0569              0.0515
             322.0000              0.0572              0.0516
             324.0000              0.0575              0.0517
             326.0000              0.0579              0.0518
             328.0000              0.0585              0.0519
             330.0000              0.0594              0.0520
             332.0000              0.0601              0.0522
             334.0000              0.0602              0.0523
             336.0000              0.0604              0.0525
             338.0000              0.0605              0.0527
             340.0000              0.0607              0.0529
             342.0000              0.0607              0.0531
             344.0000              0.0608              0.0534
             346.0000              0.0609              0.0537
             348.0000              0.0609              0.0541
             350.0000              0.0610              0.0545
             352.0000              0.0611              0.0550
             354.0000              0.0613              0.0551
             356.0000              0.0614              0.0552
             358.0000              0.0616              0.0553
             360.0000              0.0618              0.0554
             362.0000              0.0621              0.0555
             364.0000              0.0624              0.0556
             366.0000              0.0628              0.0556
             368.0000              0.0634              0.0557
             370.0000              0.0643              0.0558
             372.0000              0.0651              0.0559
             374.0000              0.0652              0.0560
             376.0000              0.0654              0.0560
             378.0000              0.0656              0.0561
             380.0000              0.0657              0.0561
             382.0000              0.0658              0.0562
             384.0000              0.0658              0.0563
             386.0000              0.0659              0.0563
             388.0000              0.0660              0.0564
             390.0000              0.0661              0.0565
             392.0000              0.0662              0.0565
             394.0000              0.0663              0.0566
             396.0000              0.0665              0.0567
             398.0000              0.0667              0.0568
             400.0000              0.0670              0.0569
             402.0000              0.0673              0.0570
             404.0000              0.0677              0.0571
             406.0000              0.0682              0.0573
             408.0000              0.0690              0.0574
             410.0000              0.0700              0.0576
             412.0000              0.0702              0.0577
             414.0000              0.0704              0.0579
             416.0000              0.0706              0.0582
             418.0000              0.0707              0.0584
             420.0000              0.0708              0.0587
             422.0000              0.0708              0.0590
             424.0000              0.0709              0.0594
             426.0000              0.0710              0.0598
             428.0000              0.0711              0.0600
             430.0000              0.0712              0.0601
             432.0000              0.0714              0.0602
             434.0000              0.0716              0.0603
             436.0000              0.0718              0.0604
             438.0000              0.0721              0.0605
             440.0000              0.0725              0.0606
             442.0000              0.0730              0.0607
             444.0000              0.0737              0.0608
             446.0000              0.0748              0.0609
             448.0000              0.0752              0.0610
             450.0000              0.0753              0.0611
             452.0000              0.0755              0.0611
             454.0000              0.0757              0.0612
             456.0000              0.0758              0.0612
             458.0000              0.0758              0.0613
             460.0000              0.0759              0.0613
             462.0000              0.0760              0.0614
             464.0000              0.0761              0.0614
             466.0000              0.0763              0.0615
             468.0000              0.0765              0.0616
             470.0000              0.0767              0.0617
             472.0000              0.0769              0.0617
             474.0000              0.0773              0.0618
             476.0000              0.0777              0.0619
             478.0000              0.0784              0.0620
             480.0000              0.0793              0.0621
             482.0000              0.0801              0.0622
             484.0000              0.0803              0.0624
             486.0000              0.0805              0.0625
             488.0000              0.0807              0.0627
             490.0000              0.0808              0.0628
             492.0000              0.0808              0.0630
             494.0000              0.0809              0.0632
             496.0000              0.0810              0.0635
             498.0000              0.0812              0.0637
             500.0000              0.0813              0.0640
             502.0000              0.0815              0.0643
             504.0000              0.0817              0.0647
             506.0000              0.0820              0.0650
             508.0000              0.0824              0.0651
             510.0000              0.0830              0.0652
             512.0000              0.0838              0.0653
             514.0000              0.0850              0.0654
             516.0000              0.0852              0.0655
             518.0000              0.0854              0.0656
             520.0000              0.0857              0.0656
             522.0000              0.0858              0.0657
             524.0000              0.0858              0.0658
             526.0000              0.0859              0.0659
             528.0000              0.0860              0.0660
             530.0000              0.0862              0.0661
             532.0000              0.0863              0.0662
             534.0000              0.0865              0.0662
             536.0000              0.0868              0.0663
             538.0000              0.0871              0.0663
             540.0000              0.0876              0.0664
             542.0000              0.0882              0.0664
             544.0000              0.0892              0.0665
             546.0000              0.0901              0.0666
             548.0000              0.0903              0.0666
             550.0000              0.0906              0.0667
             552.0000              0.0908              0.0668
             554.0000              0.0908              0.0669
             556.0000              0.0909              0.0670
             558.0000              0.0910              0.0671
             560.0000              0.0912              0.0672
             562.0000              0.0913              0.0673
             564.0000              0.0916              0.0674
             566.0000              0.0918              0.0675
             568.0000              0.0922              0.0677
             570.0000              0.0927              0.0678
             572.0000              0.0934              0.0680
             574.0000              0.0946              0.0682
             576.0000              0.0952              0.0684
             578.0000              0.0954              0.0686
             580.0000              0.0957              0.0689
             582.0000              0.0958              0.0692
             584.0000              0.0959              0.0695
             586.0000              0.0960              0.0698
             588.0000              0.0961              0.0701
             590.0000              0.0963              0.0701
             592.0000              0.0965              0.0702
             594.0000              0.0968              0.0703
             596.0000              0.0972              0.0704
             598.0000              0.0977              0.0705
             600.0000              0.0985              0.0706
             602.0000              0.0998              0.0707
             604.0000              0.1002              0.0707
             606.0000              0.1005              0.0708
             608.0000              0.1008              0.0709
             610.0000              0.1009              0.0710
             612.0000              0.1010              0.0711
             614.0000              0.1011              0.0712
             616.0000              0.1013              0.0713
             618.0000              0.1015              0.0713
             620.0000              0.1017              0.0714
             622.0000              0.1021              0.0714
             624.0000              0.1026              0.0715
             626.0000              0.1034              0.0715
             628.0000              0.1046              0.0716
             630.0000              0.1052              0.0717
             632.0000              0.1055              0.0717
             634.0000              0.1058              0.0718
             636.0000              0.1059              0.0719
             638.0000              0.1060              0.0720
             640.0000              0.1062              0.0721
             642.0000              0.1064              0.0722
             644.0000              0.1066              0.0723
             646.0000              0.1069              0.0724
             648.0000              0.1074              0.0725
             650.0000              0.1080              0.0726
             652.0000              0.1091              0.0728
             654.0000              0.1102              0.0729
             656.0000              0.1105              0.0731
             658.0000              0.1108              0.0733
             660.0000              0.1109              0.0735
             662.0000              0.1111              0.0737
             664.0000              0.1112              0.0740
             666.0000              0.1114              0.0743
             668.0000              0.1117              0.0746
             670.0000              0.1121              0.0750
             672.0000              0.1126              0.0751
             674.0000              0.1134              0.0752
             676.0000              0.1149              0.0752
             678.0000              0.1153              0.0753
             680.0000              0.1157              0.0754
             682.0000              0.1159              0.0755
             684.0000              0.1160              0.0756
             686.0000              0.1162              0.0757
             688.0000              0.1164              0.0758
             690.0000              0.1167              0.0759
             692.0000              0.1171              0.0760
             694.0000              0.1177              0.0761
             696.0000              0.1186              0.0761
             698.0000              0.1201              0.0762
             700.0000              0.1204              0.0763
             702.0000              0.1208              0.0764
             704.0000              0.1210              0.0764
             706.0000              0.1212              0.0765
             708.0000              0.1214              0.0765
             710.0000              0.1216              0.0766
             712.0000              0.1220              0.0767
             714.0000              0.1226              0.0768
             716.0000              0.1235              0.0768
             718.0000              0.1250              0.0769
             720.0000              0.1254              0.0770
             722.0000              0.1259              0.0771
             724.0000              0.1261              0.0772
             726.0000              0.1262              0.0773
             728.0000              0.1265              0.0774
             730.0000              0.1268              0.0775
             732.0000              0.1273              0.0777
             734.0000              0.1280              0.0778
             736.0000              0.1293              0.0780
             738.0000              0.1303              0.0781
             740.0000              0.1307              0.0783
             742.0000              0.1311              0.0785
             744.0000              0.1313              0.0788
             746.0000              0.1315              0.0790
             748.0000              0.1319              0.0793
             750.0000              0.1324              0.0797
             752.0000              0.1332              0.0800
             754.0000              0.1347              0.0801
             756.0000              0.1354              0.0802
             758.0000              0.1359              0.0803
             760.0000              0.1362              0.0804
             762.0000              0.1364              0.0805
             764.0000              0.1368              0.0806
             766.0000              0.1372              0.0807
             768.0000              0.1380              0.0808
             770.0000              0.1394              0.0809
             772.0000              0.1404              0.0810
             774.0000              0.1409              0.0811
             776.0000              0.1413              0.0812
             778.0000              0.1416              0.0813
             780.0000              0.1419              0.0814
             782.0000              0.1425              0.0815
             784.0000              0.1435              0.0816
             786.0000              0.1451              0.0816
             788.0000              0.1457              0.0817
             790.0000              0.1463              0.0818
             792.0000              0.1466              0.0819
             794.0000              0.1469              0.0820
             796.0000              0.1475              0.0821
             798.0000              0.1485              0.0822
             800.0000              0.1501              0.0823
             802.0000              0.1508              0.0824
             804.0000              0.1514              0.0826
             806.0000              0.1518              0.0827
             808.0000              0.1522              0.0829
             810.0000              0.1530              0.0831
             812.0000              0.1545              0.0833
             814.0000              0.1556              0.0835
             816.0000              0.1564              0.0838
             818.0000              0.1568              0.0841
             820.0000              0.1573              0.0844
             822.0000              0.1582              0.0848
             824.0000              0.1598              0.0851
             826.0000              0.1608              0.0852
             828.0000              0.1617              0.0853
             830.0000              0.1621              0.0855
             832.0000              0.1628              0.0856
             834.0000              0.1641              0.0857
             836.0000              0.1656              0.0859
             838.0000              0.1665              0.0860
             840.0000              0.1672              0.0862
             842.0000              0.1680              0.0863
             844.0000              0.1694              0.0865
             846.0000              0.1708              0.0866
             848.0000              0.1719              0.0868
             850.0000              0.1726              0.0869
             852.0000              0.1737              0.0870
             854.0000              0.1755              0.0871
             856.0000              0.1767              0.0873
             858.0000              0.1777              0.0875
             860.0000              0.1789              0.0876
             862.0000              0.1807              0.0879
             864.0000              0.1821              0.0881
             866.0000              0.1833              0.0884
             868.0000              0.1849              0.0888
             870.0000              0.1866              0.0892
             872.0000              0.1883              0.0897
             874.0000              0.1897              0.0901
             876.0000              0.1918              0.0904
             878.0000              0.1936              0.0907
             880.0000              0.1956              0.0910
             882.0000              0.1979              0.0913
             884.0000              0.1998              0.0916
             886.0000              0.2028              0.0920
             888.0000              0.2050              0.0923
             890.0000              0.2087              0.0927
             892.0000              0.2123              0.0931
             894.0000              0.2169              0.0935
             896.0000              0.2230              0.0941
             898.0000              0.2317              0.0949
             900.0000              0.2458              0.0970
             902.0000              0.2817              0.0992
             904.0000              0.5000              0.1000
             906.0000              0.5000              0.1000
             908.0000              0.5000              0.1000
             910.0000              0.5000              0.1000
             912.0000              0.5000              0.1000
             914.0000              0.5000              0.1000
             916.0000              0.5000              0.1000
             918.0000              0.5000              0.1000
             920.0000              0.5000              0.1000
             922.0000              0.5000              0.1000
             924.0000              0.5000              0.1000
             926.0000              0.5000              0.1000
             928.0000              0.5000              0.1000
             930.0000              0.5000              0.1000
             932.0000              0.5000              0.1000
             934.0000              0.5000              0.1000
             936.0000              0.5000              0.1000
             938.0000              0.5000              0.1000
             940.0000              0.5000              0.1000
             942.0000              0.5000              0.1000
             944.0000              0.5000              0.1000
             946.0000              0.5000              0.1000
             948.0000              0.5000              0.1000
             950.0000              0.5000              0.1000
             952.0000              0.5000              0.1000
             954.0000              0.5000              0.1000
             956.0000              0.5000              0.1000
             958.0000              0.5000              0.1000
             960.0000              0.5000              0.1000
             962.0000              0.5000              0.1000
             964.0000              0.5000              0.1000
             966.0000              0.5000              0.1000
               0.0000              0.0000              0.0000
